v 0.256929 -0.302846 0.917754
v 0.18575 0.947402 0.260628
v -0.948412 0.10351 0.299668
v 0.340846 -0.292194 0.893558
v 0.0706229 0.955746 0.28559
v -0.937463 -0.0342366 0.346398
v 0.69471 -0.162897 0.700602
v 0.0193841 0.977905 0.208151
v -0.719029 -0.131024 0.682517
v 0.55577 -0.318586 0.767869
v -0.0439147 0.911116 0.409803
v -0.830176 -0.261477 0.49238
v 0.821118 0.556903 -0.124996
v -0.376255 0.692835 0.615151
v 0.429181 -0.458081 0.778437
v 0.98973 0.142936 -0.00198191
v -0.132557 0.922879 0.361556
v 0.0535084 -0.35758 0.932348
v 0.959476 -0.112163 0.258506
v -0.0606031 0.813769 0.57802
v -0.275196 -0.570262 0.773995
v 0.944096 -0.236647 0.229522
v 0.0691173 0.82283 0.56407
v -0.322343 -0.516672 0.793187
v 0.730458 0.257819 -0.632424
v 0.0369939 0.909712 0.413589
v 0.681955 -0.325505 0.654968
v 0.0143807 0.168152 -0.985656
v -0.281944 0.94644 0.157348
v 0.959323 0.275638 0.0610199
v 0.332053 0.288665 -0.898005
v -0.192496 0.952725 0.235076
v 0.92341 0.0948051 0.371923
v 0.411578 0.472797 -0.779145
v -0.352927 0.870891 0.342039
v 0.840265 0.134206 0.525303
