v -0.157102 0.4382 -0.885042
v -0.426332 -0.838457 -0.339458
v -0.89082 0.323992 0.318542
v -0.190209 0.176336 -0.965777
v -0.172816 -0.97439 -0.143873
v -0.966414 0.139536 0.215811
v -0.271227 0.0274118 -0.962125
v -0.0673666 -0.997684 -0.00943399
v -0.960155 0.0622563 0.272445
v -0.608668 -0.0330548 -0.792736
v -0.261748 -0.934832 0.239952
v -0.749007 0.353548 0.56035
v -0.761994 -0.109357 -0.638283
v -0.111754 -0.948645 0.295945
v -0.637868 0.29684 0.710641
v -0.96411 0.11705 -0.23831
v -0.229355 -0.819325 0.525455
v -0.133749 0.561253 0.816765
v -0.976033 -0.0204353 0.216662
v 0.104455 -0.917393 0.384031
v 0.190916 0.397458 0.89754
v -0.867051 -0.269932 0.41876
v 0.472005 -0.714093 0.516994
v 0.15948 0.645917 0.746564
v -0.390503 0.236981 0.889577
v 0.00423246 -0.965827 0.259152
v 0.920592 0.104965 0.376156
v -0.36542 -0.0441579 0.929795
v -0.0361132 -0.99745 -0.0615639
v 0.930142 -0.0560745 0.362894
v -0.378237 -0.239825 0.894103
v 0.0947015 -0.970815 -0.220339
v 0.920852 0.0013324 0.38991
v -0.143684 -0.46252 0.874888
v 0.417536 -0.829855 -0.370141
v 0.897228 0.312114 0.312356
